4798
27453
2281
1570
3240
26678
27248
3606
4279
28451
8634
24395
7360
23965
31257
13949
21457
6156
29136
5408
31448
1765
21669
14073
5142
11171
29483
17785
17729
2439
716
25820
29820
24079
29336
30470
18423
25910
16593
12312
29798
9585
7474
22741
1571
32614
25603
23224
4386
32106
15838
29137
29592
7873
28734
8291
5995
6805
10957
16447
24152
22194
23914
19935
9446
3591
25340
18753
2062
25309
3321
18569
22951
22740
23477
6230
28563
29346
28523
1504
14764
28555
32269
11990
19052
25760
22987
29433
15966
11703
21605
25464
11848
29230
2865
19466
6165
14687
26603
12750
27269
19169
25152
25570
8083
22148
19993
31173
4521
8203
17064
23405
30598
10919
26163
12071
13035
8248
10915
18739
24073
28739
18123
31003
17322
25265
30842
20695
11809
6733
23359
16802
14579
17147
24575
10906
4418
26553
12600
13594
20733
11351
4114
6872
24777
26358
30250
12733
3246
21826
2078
22919
14210
26991
9432
10017
22806
27381
7579
27069
13090
26378
25295
26039
26864
11492
12684
24874
26059
20907
3560
24142
15911
30784
5633
8088
30605
22704
31177
20879
25421
17270
9108
30320
30689
7284
23907
28545
21795
2480
32494
16437
24367
20943
28787
26373
7190
9810
3649
26633
16455
21906
14595
25944
5566
8316
7885
24869
10730
12301
2280
1430
28255
26252
14942
3683
14400
2187
11076
12339
19050
31131
11466
6583
22113
2258
16900
27266
8187
2302
14709
15279
12238
12454
21344
5681
16474
32196
207
29432
20983
6469
1888
8393
4477
30268
5586
11226
32181
10474
5459
9008
30594
12655
17287
22457
10447
13900
24920
28969
28216
27296
640
29845
12152
7198
18904
6352
21141
9425
7774
1161
13773
15503
9479
21025
23614
26174
2890
30029
14681
29898
28265
24176
18181
25570
27517
30645
21138
117
9289
22512
11364
7408
17595
18226
9820
19764
21825
28974
3333
26201
26066
24911
1923
15909
23991
9365
2620
26186
31773
11571
18499
24419
21852
21482
20361
32685
22789
4899
15298
2437
11438
22479
11288
11685
26492
1023
26515
29982
31349
32578
23619
20245
20867
28866
25906
15933
31047
32541
781
25112
21923
12804
29580
22509
13574
20886
21415
12168
19574
24442
14455
28596
26719
1470
27372
26233
24093
6003
12852
16662
2635
32517
22758
10173
26569
13915
22770
22801
2959
9394
23114
352
4405
32313
28748
18848
17470
365
16886
23083
4648
11827
2248
19770
4404
21175
4728
19747
10229
2566
12632
23122
8603
2157
18312
29961
15101
20881
22747
9943
29800
13387
20362
10201
13353
10313
24475
7092
1500
26982
13583
8782
627
27844
22734
14415
11525
2991
30803
9051
20572
49
31767
26124
10557
3957
6335
30641
26997
32220
18180
15304
24488
10465
20070
30013
20441
25261
20112
12641
18616
27513
29578
26281
431
9384
16545
17195
3499
22944
7702
26328
28331
14956
5513
1402
22025
25619
26915
11373
7563
4789
29062
10269
17705
22891
28278
17731
412
31708
13892
27102
10155
17823
28670
16883
53
31573
17496
31749
20733
16769
12633
20820
9784
5422
27845
21973
10456
12863
334
19444
3478
916
4729
30732
26818
30946
29521
12194
29386
24143
31695
8293
2444
4560
18692
2790
31323
12867
21516
27927
24787
9291
2995
22661
9821
2287
23780
28757
28289
498
21974
19200
31727
24560
20468
13262
23115
5693
19600
2068
22715
4221
28744
11309
8498
17923
18740
21561
30843
9962
19413
7320
29445
16118
12989
11813
10865
10792
11518
27186
16348
14115
1875
23112
14060
21313
15377
24475
30108
7284
5579
24143
29896
13535
20680
24685
28024
13360
26406
27811
3820
21187
29642
3263
2411
10872
22543
16362
31180
10576
4138
21668
449
4554
25183
26243
6375
9472
21733
31659
25230
21120
5786
32268
5192
2539
18023
3167
14643
2640
17777
24286
24070
19270
4
15302
29150
23499
22848
14221
26566
21216
9601
15587
25864
11744
24464
6251
2102
14500
1163
1078
5367
23385
17044
28420
4243
27164
26172
31545
6972
21082
12974
29088
4642
16874
4251
9187
17973
9191
16361
31430
21432
3919
30747
11303
26250
861
9086
21686
30515
3494
8473
29044
19633
13813
14674
29933
20225
19432
12640
29748
30316
29255
10612
10147
25494
1063
12711
15184
27720
12227
16802
11086
10488
25365
32527
10152
20254
26168
32451
15390
25654
16253
27816
14237
5523
15695
18028
3968
16618
16839
5355
14985
31130
11278
20573
16285
5820
31606
23359
29763
5615
2135
16386
9947
24288
28331
7542
12446
13212
1641
28149
11097
22933
1442
5455
18153
18293
10332
24953
31349
25510
31282
27124
3438
8094
7592
31231
13384
31723
11599
29052
15605
16642
4764
18594
1830
30919
28297
8808
17472
29916
28649
6573
15136
28074
13196
13607
2959
1584
2582
11794
11652
16526
16288
30100
10268
12112
16652
9458
15450
28539
15144
17525
32670
14170
3978
5402
8679
1541
15141
18684
23496
16310
2735
22146
16427
17099
14515
21064
28105
16794
20853
31695
23653
27897
30857
26851
16843
15240
27698
31696
19084
22981
25211
4164
8822
3789
7191
2818
2262
8691
18682
14412
27757
3330
6836
9485
19251
1874
8336
24266
20941
13709
18800
17991
30416
2623
10086
24825
3507
8991
20755
21807
3478
12063
31936
31998
1973
10549
12606
15345
2474
29671
10365
877
26470
8601
16367
12774
10478
30102
4762
14532
6101
27104
6399
13587
10365
17848
27311
26349
15116
4332
32166
13223
28720
28643
32622
7870
3475
13417
9204
25984
11805
12091
1577
10618
14829
3666
30296
21925
25109
21488
21066
10831
7191
12907
17179
7115
22819
22716
31962
28632
29966
31687
23524
17874
6418
10344
31741
30106
3656
10817
9523
28998
15334
4934
10867
5513
19768
12293
5608
5345
15200
29878
16151
27011
14029
12039
9916
31238
11388
2212
13410
23761
25329
9864
12740
26182
27380
28934
8166
28075
24588
20630
16883
29917
13501
27488
31189
7859
1664
12170
21142
8243
13702
13890
21626
6263
15405
19338
32472
31581
575
9927
956
31474
10221
8199
8511
7068
1166
28181
13473
24329
21783
14655
25387
12763
22105
3810
29895
2064
18174
442
15451
21555
3393
747
10730
17732
31856
16334
25194
30568
30243
4220
31075
848
25402
17181
10316
6251
16536
20462
8101
3531
15265
16915
19923
5592
6772
24866
14272
183
27624
26475
16175
14712
15176
20745
29407
27138
17359
4010
17511
29118
24546
12062
16332
6918
12303
13984
8419
15180
13769
21223
25194
10762
24033
5356
8932
14957
14020
20858
31544
9153
20087
28023
8968
1179
29779
8948
32466
27848
23168
2806
29641
6649
21298
30722
7537
21290
9638
28010
16637
3799
14043
16218
6760
20446
529
10146
24405
25906
7427
23361
5032
30790
17379
27829
3040
5683
10521
1797
14651
8111
1212
19850
7048
19374
8141
27777
29898
10453
22326
9810
6801
18851
21125
27038
280
1887
27239
15371
23583
1983
31463
1487
29063
29021
7524
2557
31151
31450
1620
6034
10641
16591
699
16191
17051
3704
20841
6644
17486
1311
21494
27697
7064
20042
21374
12812
27634
17572
21789
24577
20025
16300
14889
25724
8525
28191
10290
13864
18540
27430
29883
31477
29516
31295
4277
5099
19450
5613
12223
6578
9845
15647
10016
5597
3593
11106
16512
1274
19565
26565
31849
27994
18076
22160
129
5793
19316
14756
11653
11788
12303
19376
6405
25477
21989
25113
26338
19304
30366
16806
16007
4371
20920
4591
22506
17968
6109
7043
23617
23234
12289
15580
5765
2544
12863
16899
12200
18324
13425
2819
29333
31363
17553
11535
21483
3994
11475
31346
14713
12685
23934
7483
15737
12655
6286
12452
27021
27649
15115
1350
9595
14266
16423
31743
21927
10138
23066
9119
25940
11951
15550
1365
14490
28772
30186
19420
16934
18829
28558
12645
14516
24114
30611
24643
10317
14367
26992
12889
23361
16936
21900
31555
22244
11324
16983
18759
26632
1073
25382
18682
31550
3913
24786
14258
15563
12423
4112
4271
15468
26548
12687
24840
4298
13616
6100
28247
14011
28281
20181
7204
10303
20349
8535
15378
26421
21664
6151
13515
30688
10635
20059
11181
1822
14522
14630
7473
14434
10180
15102
4127
22390
19561
8782
20340
27123
26206
27961
22287
23675
10711
28469
24350
18365
26328
13412
12874
2342
22844
16049
15013
11111
28034
30895
29007
23212
1627
31281
7404
24726
3828
31401
2758
25596
26115
3394
11969
26726
28051
699
22018
18757
19344
3337
22622
11508
10002
172
29828
11119
28265
20429
17131
9430
29165
6941
27513
927
24450
29804
2552
26270
27373
12043
27961
28342
11994
23011
7430
11357
4777
16210
21193
26833
16636
1737
20733
18204
31490
21542
17752
30920
21632
210
8629
611
9380
19098
6083
19377
14217
5198
9072
30644
3209
5148
20499
16476
11590
2986
9308
21006
26999
26101
24828
25303
884
22252
32275
365
6528
22731
4957
22505
22488
9016
5916
24134
16255
30752
8133
14489
3527
25168
5226
15630
4255
16851
30698
23974
29600
16910
15066
29106
20950
5532
16434
6927
6222
5098
184
17183
1380
5266
31021
27530
20681
9336
20280
20153
18519
28839
22806
3087
28052
745
29695
23525
24584
11304
21847
1868
8255
14471
17050
8066
30620
18752
23556
12592
4324
28732
26115
28521
3462
26996
15709
4707
9131
3594
25121
26099
4354
23846
17743
17354
28233
13969
17735
30066
12186
8980
1266
14854
23931
18062
2482
27572
21155
22488
19466
244
2701
14937
9997
25989
19647
5480
21128
26412
16599
1381
21486
12844
14170
17045
4616
6532
13116
22977
30553
9963
47
21134
20306
11916
25004
24475
19002
25217
9922
29789
21467
8721
11937
23737
10477
170
10725
12902
22340
16541
9380
19457
5305
15771
9526
493
6360
755
27591
25841
25934
2441
7837
17039
10512
22934
28458
4901
10828
3105
977
11718
25361
26689
12920
24022
15549
6159
22482
13927
5674
12653
22378
16214
151
3706
4206
22565
24408
12753
21313
27799
22077
12932
9150
22286
12996
27611
21581
3236
15358
27852
17832
28427
5441
25402
22379
24613
8083
32494
21853
29538
1489
2134
28033
22749
24483
9984
31451
24118
5920
5076
12546
8494
32064
13076
29802
20484
14597
21013
27502
5009
32105
1211
5152
32549
12806
24245
27345
8736
31367
1150
27999
5968
18642
20495
1857
11790
26099
1380
12883
2327
7623
21173
22626
20267
31085
6257
16759
18792
13420
13562
6884
2915
22692
20515
25359
267
11510
25195
17921
32318
25267
29686
13998
11304
11717
20303
20738
28768
13216
9184
20656
10689
31974
21549
10426
24328
21981
27603
1983
15154
18833
31044
21767
29587
9160
18239
29263
29622
9642
12818
20053
27384
22829
5263
5156
6115
12098
2256
797
27979
21697
30890
15305
27947
27157
14834
3424
21821
2471
12914
4120
31067
18699
16297
6191
26520
8429
24134
19895
12829
26554
19811
29989
31429
19214
10626
13463
7288
29664
15176
25065
3656
16751
30203
9590
23629
18155
25021
32174
21057
30692
28038
28508
13274
12147
25827
28340
7915
32299
1392
19744
29497
27325
28694
14279
23582
4461
29189
4833
22496
20024
24944
15806
22735
24002
2571
2959
23584
8449
25926
31995
4748
28588
6726
1634
30376
9569
424
28399
27907
21913
10485
5216
18945
21068
4579
8085
22906
29027
10577
30170
17426
15586
12800
29428
28246
31186
7955
14317
11675
12783
6725
6815
28311
11286
12780
515
10684
32621
27313
15159
16728
11600
12556
4945
9582
28159
26242
16870
22866
7176
1694
28760
14086
27253
8113
27107
3159
20918
6985
16486
28087
24397
4722
29171
23257
21563
10671
23317
4367
15918
12470
484
10083
30567
495
1481
20599
14701
23979
16402
24093
11891
15652
24885
25269
11658
22841
5860
3146
3463
24806
1748
5483
15026
7045
10829
26571
31539
29382
22130
19608
3645
8303
32078
18075
4599
31700
29602
29204
23599
8982
18289
1619
12734
31771
29511
21782
2233
18769
31309
25510
16732
20002
14606
31152
439
16181
30471
16868
8214
31339
1265
22607
18481
17044
29645
25209
18200
31477
12468
3390
10717
7802
4443
3181
6911
28347
7528
30754
10905
5809
8312
9187
27983
15669
20717
19325
7667
17212
6008
12701
11771
10708
17258
3117
28836
23517
14266
23156
19682
22408
23765
236
8718
29585
25385
18146
19278
15420
8816
4560
28099
9233
8636
31354
32118
1110
5191
6091
9472
10577
22264
7021
31739
26170
15029
7210
14379
27906
10091
10757
17772
26055
25566
2071
28763
530
3633
10283
4036
2006
4405
17433
22735
4137
8818
12515
18921
30143
5366
18321
22644
12075
3296
32716
19757
4310
24490
6205
31585
12987
11578
26787
16079
30184
32168
14774
27740
26036
28621
16063
8569
28865
17552
3316
7765
13744
21232
11413
5826
24487
12497
8135
9703
20100
7302
31539
20651
1758
29474
27742
17116
9664
16254
18886
13091
21540
11786
2242
6568
30257
29013
13591
9605
4660
25434
18009
7404
11104
28560
28424
5143
3142
4528
16742
9971
15634
30020
17945
8587
500
24709
17205
31432
24720
7399
2175
18611
17628
17458
10201
18239
2079
20906
11519
873
24682
9793
24364
17392
16553
5556
24064
16851
11627
10597
8494
27791
4721
13559
18149
13845
25848
6316
23812
8845
7878
19838
4349
6093
24054
5886
29316
10392
13700
30448
13568
22422
31384
16036
7087
3607
6803
23058
31895
17032
17882
12477
1584
2737
31589
14404
13267
5556
16646
5320
7392
18886
5242
25346
2738
426
24881
2079
324
9714
1757
9058
9888
7669
15548
32120
13579
21647
23974
4506
25586
19611
26838
3173
29587
305
17272
23673
18283
3488
1782
12499
15202
22826
26627
235
8121
17026
612
31373
1967
1798
5505
29048
22262
25020
32175
11448
14809
7694
30266
11715
29738
6726
28725
19798
13037
30152
2563
18957
19653
26385
29601
9413
7458
30067
19385
26289
26152
4749
16742
11583
25950
20364
1736
6056
1819
10789
24647
29273
25777
11598
23720
15365
31062
25023
465
24711
14806
18988
31324
17785
31483
26431
4062
1172
21176
32599
32244
28622
24600
9731
27153
15149
9705
16189
3082
26733
25639
31334
21342
20565
7210
261
5447
26073
11151
21823
3970
3824
10728
7190
19421
12083
29987
20322
12421
16443
6331
5007
18700
5047
31648
11548
5181
6991
231
20943
25248
21052
1841
20920
4555
9380
29405
21484
12399
28855
12013
8959
22302
32138
20665
17726
16861
950
19030
23729
30318
9136
22468
2772
858
26086
4825
21519
9152
8351
23025
16123
21472
24463
30035
11091
8807
10557
10082
7356
19064
15893
5000
30005
25214
11596
10210
23388
11188
23416
30123
18534
20081
22251
9322
31196
3892
5587
27611
17174
18548
31250
16543
31353
13604
14046
8098
32368
22536
29720
9296
3627
3002
19309
21879
29210
1915
31535
21754
12328
25787
27377
24123
18360
29030
24036
16198
12640
23284
28404
14526
7784
32303
12962
28808
13312
26563
6816
25401
15941
20872
30510
64
5874
10382
12855
23763
15334
26604
8234
10650
20826
21576
666
22302
3038
25638
6292
5360
15896
24818
22724
6041
1596
3275
12615
20805
22346
22805
26957
2350
23051
31165
118
32202
25033
24907
10218
32179
28881
29097
12598
9050
2217
28085
3818
8044
16914
30600
17139
15872
26812
10116
22201
4741
5835
2080
14583
30318
3086
627
7518
18074
15610
1921
14825
2949
21864
585
32254
30769
11027
24202
8010
27602
23503
12377
6233
25148
5002
18532
29944
32525
13828
16643
2123
8090
26702
20484
26797
8090
13828
26931
19786
15508
20041
32171
10622
17418
5255
25568
8684
30819
228
13416
14175
22681
3203
10124
17248
13991
9599
16274
8859
18608
26280
19400
10482
8431
3835
4176
15198
14434
29923
7855
11146
30774
28978
11028
12590
28145
32222
27240
7468
5729
1147
17689
8811
27464
6268
27302
20599
8132
6442
4587
7125
14208
30560
29226
4135
25757
6923
16605
2053
22622
9317
16446
1685
29334
1260
10898
3824
31697
11301
1593
5429
22085
17426
11895
25961
20855
14708
7424
7189
3245
3009
16453
3229
5143
8420
27265
12642
9404
6327
9602
407
17189
23616
30520
18660
4300
25775
25343
23740
3139
30227
13228
19327
10277
18912
23129
24911
25789
25889
28145
7858
22648
5757
6010
31980
21259
22507
30501
7194
1891
4149
19991
14094
26705
28718
30965
30958
9202
26546
1842
4235
27103
28258
31512
7554
26650
7196
32407
21269
10931
19773
6353
27847
19005
20118
12385
20665
5364
19759
26223
31687
7851
1470
5749
4962
25463
28645
1742
14635
26910
24879
5635
31829
2877
25545
28885
1207
24123
15616
7434
21428
21745
24446
25848
14027
5398
17732
28626
18429
9836
28006
4789
6114
26796
31114
9842
23946
31794
10015
28185
18452
2408
8284
23114
19984
4852
24831
13627
5782
16033
10946
904
22563
16654
17821
9662
18743
22553
1983
1702
32431
9
24906
25169
21474
20349
26577
29160
14462
9752
7570
2096
33
6634
28787
27360
4023
20381
11454
29859
1174
10596
24476
19435
12634
30883
25939
14971
3202
7774
7999
29107
27847
18019
3473
18330
12096
10551
18635
14509
9015
194
5879
14954
22473
7098
6314
10907
10047
15311
18876
26467
7215
10907
20932
23562
3154
12616
24662
3720
1316
24319
4348
31187
26174
18964
4853
16616
17779
14322
4272
1692
30892
22472
4870
30240
24964
31728
23610
18517
22178
32292
30386
20949
18138
14943
29556
26045
29187
19604
5215
6460
21398
32018
24110
13277
6923
1970
20012
22676
19956
10694
12215
13194
28630
8897
19831
14504
19402
5030
31324
16101
15320
26930
11865
1104
2574
15560
13026
26332
18276
22561
6950
24047
13392
18352
1036
169
5927
10198
22511
9460
7226
6346
4634
25424
7084
1350
15874
2908
24853
10226
11846
21795
20696
31633
10087
23340
1860
494
31303
10560
19821
3460
19043
27641
32712
31216
31696
3343
17033
32535
1271
18530
8125
2839
8208
1479
27430
20207
6239
915
2010
27117
12081
7656
27546
24539
21653
16066
31731
17896
12251
17088
8471
21080
13262
24243
10873
15083
15024
20968
24874
3598
26106
28981
25590
29380
15824
22214
10557
31571
19526
17061
17043
30382
12373
30730
15895
27814
25755
9064
16788
12495
13782
5428
15193
14387
9503
23923
17624
7609
12774
5130
4865
339
18353
22981
4188
11755
19348
24101
31977
12811
1391
30186
12216
22350
24810
3683
22087
9354
16945
2424
19870
22203
27248
20084
28972
31918
10253
7059
31584
8562
20136
25679
21511
12670
13012
18539
26728
1698
9618
28604
26913
18095
11154
22202
2495
229
27688
22474
7712
13857
5135
32073
12681
14275
10209
26712
29575
2400
594
22634
5766
12589
31280
8078
31795
8998
27675
3965
19345
13057
9220
11107
19677
14550
25190
10862
10019
21643
31047
5911
23452
31745
15597
5939
6862
16384
17505
10424
20322
29667
13733
24400
31428
9219
6580
28320
16253
1764
29758
3413
13648
21794
6944
31987
25366
13337
2469
16988
31321
8023
11135
23331
12467
31939
23427
31630
21221
18314
4648
8557
28086
32205
32701
1949
10386
15627
3693
18011
11742
14672
2037
11338
15644
31515
23327
7234
17091
4112
15621
31710
4572
6754
8711
32452
7004
27390
19081
23219
16196
4728
24429
12366
4987
5302
23124
13482
15462
11103
13716
26521
13133
17153
8183
25268
5741
7940
12345
3370
24285
20562
21568
16459
6177
27332
30745
10452
30096
9547
8375
28920
24934
20707
30314
32563
25000
21048
31520
21966
28347
2581
26719
24368
6083
22672
28926
13035
4284
9975
25254
8066
1627
9337
25356
1276
21410
8596
17644
19498
30021
13890
12484
1719
22208
7907
7510
1012
21813
31721
21467
26209
5127
24645
31751
1530
32567
23189
27585
11080
6017
25866
13983
28451
25653
26650
14627
19271
9943
15339
7095
10142
11382
21627
2410
28743
22732
1167
5736
105
18203
865
4667
28091
7362
8456
16836
207
27041
21927
15607
26145
12851
5974
27738
25571
32612
8912
25147
8326
4151
8929
2996
17928
2329
25229
30048
3584
15618
30208
8154
619
27729
1594
8185
32564
5476
11127
1742
16517
13050
607
19802
2512
1098
26610
16399
12700
15071
2097
9741
7696
10810
11149
8217
32320
21798
28433
31581
19515
29913
21326
29666
25553
21967
19978
8910
14884
9830
19111
5213
502
4922
17749
16800
18604
19774
27895
27128
22565
21919
30678
2130
26941
11097
5896
24608
29471
13973
13470
24090
9038
3529
26768
18617
19059
28814
20585
31856
18916
5184
13747
12201
19960
7768
12064
31363
24845
26761
10365
7756
9046
27292
32087
18624
13157
26123
4714
20223
4988
12128
6606
7248
6035
12619
28128
20632
10281
1414
12017
19096
26059
16233
4017
6633
31077
17484
31833
5305
7500
19872
2203
3395
11015
28876
20555
25360
14817
18633
14026
27631
6703
7548
12598
28853
14689
9430
1875
14773
15051
14766
14136
26366
20785
9305
26553
4183
9492
20751
5528
26875
21439
4093
26475
25365
21264
15145
21579
3834
17927
24074
2369
12840
3600
15075
14705
20994
9488
18915
17668
11849
3122
3582
25303
26458
23406
23433
14565
19498
15838
27800
3957
3073
26304
24344
2819
18425
19274
30891
6383
16438
11569
19526
31463
6370
16888
7565
7445
29424
761
7657
8969
21644
29236
24431
22373
7524
24539
6512
27211
665
31897
6880
10887
20100
17574
1639
9595
24617
3980
13385
22990
9852
20662
22006
26836
4950
21693
14192
29371
16949
1906
14945
2427
20150
3755
26360
26236
5844
17870
11911
20228
25822
26143
15326
21351
15674
26569
28005
21740
19419
26542
21755
32385
11651
7662
22930
7199
4282
12601
22151
31995
27274
29397
21698
19570
15103
20334
14738
3505
7521
161
1861
9767
8239
19271
2954
8876
8412
22145
6024
9070
10057
26504
7610
6816
32005
3634
20881
18913
31814
3651
9415
10861
21159
4473
16004
11269
13215
28245
18484
30367
14021
4011
11299
6862
24006
18665
8669
23791
32290
8999
9288
1817
2729
28402
11645
28098
30905
9944
21611
4913
15668
28339
10283
5544
7492
15286
25888
21581
20174
28985
24534
30428
9399
32324
16792
17423
17113
18397
29391
29384
5572
27666
20253
25092
2613
10693
32573
25472
16470
31034
5273
1321
14011
8545
17064
1348
10520
21988
21006
23906
7876
10737
10609
4097
25838
25540
2076
9474
28833
31995
20054
207
25721
23449
28544
584
13859
4055
27121
4978
12182
8879
24722
6366
18451
16678
12856
27611
4317
20572
10948
19291
12729
13908
10749
28582
12580
25476
23592
11456
1111
26908
24685
20379
8955
10263
30953
8701
6828
25858
8338
16687
24111
19599
8910
13163
19572
13529
4307
26627
11082
10100
12477
3665
4580
60
17008
28514
32527
11483
13876
13921
5937
22807
12553
21445
17921
5089
31439
26426
16392
14621
12823
23633
8155
11314
25030
9702
6933
12114
21616
17493
2839
25478
16750
604
17791
15745
12229
5326
105
31521
10934
2301
15976
26052
9252
11749
32322
27984
8362
25624
10863
26625
2425
109
1104
753
16370
11624
1840
12137
20231
30568
32507
6377
22097
28563
20160
28665
2801
4482
8936
5550
27177
22443
2868
29691
31158
10898
14456
3773
12787
5807
23065
6532
28078
29982
22344
7714
31689
29449
24571
32758
11921
9174
4528
26614
1246
2575
11233
25981
18671
17173
4166
20442
16642
16772
2765
13460
19894
16997
7514
24191
4641
26903
19262
16768
433
11770
8313
22303
28611
3040
28848
14289
32005
6196
2540
32003
32396
29160
22296
14310
15028
13088
11833
2301
6075
20896
18027
9320
6172
6646
4511
20206
16557
12647
30230
8140
17528
19098
9116
4927
4697
30982
133
14803
8284
20253
27241
4202
4307
13110
18079
19723
3386
5947
7802
11376
29388
32535
17222
3150
11489
476
13824
24162
22798
12728
20185
16448
4347
5782
24681
17371
30210
10131
21171
13523
23181
28455
29149
26241
9516
17936
27820
22212
18809
20733
16065
12682
29356
11520
661
286
15357
30385
26422
5939
4797
6177
17855
31412
7731
2437
4760
26185
18743
28831
9843
9129
18832
19179
6913
20386
16654
3727
14200
21226
21608
28160
10438
7075
21459
10867
402
25520
20838
8458
15863
4026
16689
32443
18175
29440
32535
18176
12769
995
22127
6465
14075
19757
26462
24833
7310
10277
1522
23754
4411
2899
28415
10201
12865
31251
28346
12938
14708
24796
21783
21890
3836
27214
21474
27550
15059
6397
8863
7839
29180
12799
1059
21138
15236
17463
2543
23552
26938
22624
12623
27866
24621
5593
13879
25635
27882
26675
14296
27739
8050
29050
2821
5295
27389
21831
22089
20706
1394
10370
21444
3065
17057
4599
21706
14761
26438
26528
25401
4737
12222
21676
7326
26327
1670
21587
8967
13428
9849
3417
16294
27391
9414
23139
4906
2858
7858
2813
28637
3230
1811
10599
14718
13991
20360
20771
26332
22431
27001
25151
311
1820
23250
7522
15702
24281
25214
29849
2664
22117
26790
7391
12955
11661
13990
11374
27006
4490
13011
20936
25623
26859
7152
28548
22212
29249
105
10457
29906
8588
27989
10988
19934
26728
4398
16089
9455
21751
20045
28803
7505
13197
31016
22044
22832
7967
15948
17523
26104
11369
27672
31745
4718
7137
7231
6833
2702
15966
30971
24179
21795
30856
6674
1151
3881
4350
13706
20841
226
13642
8235
3561
26810
24966
22969
1128
6108
5834
8430
19274
15504
3165
19257
26622
30299
18327
23609
5831
4053
18071
6392
17223
31304
10666
4840
32208
26381
1910
26270
31083
6823
22506
10832
24228
21916
8678
18448
32539
28439
22441
16325
13772
32063
3582
3310
25
10069
31270
11286
7068
32144
25220
31767
13487
29368
28171
30478
29112
21380
32360
32546
26421
22452
238
15092
16523
10478
25157
15844
10638
31578
4306
30730
17615
5116
14821
10735
15017
22740
11686
22543
11530
18103
5565
31247
7170
26860
27330
25022
1805
11910
21611
5581
22305
14724
24687
7246
23926
937
15421
28911
29464
29980
23902
8947
1325
18624
17578
22260
6662
23121
18478
10330
6888
14915
4057
9881
28313
9051
12521
27183
12457
11786
5144
32089
4486
23948
4741
5272
11069
25285
30052
21223
22289
12502
17509
5561
20413
16258
3813
1204
11401
5956
7127
24880
271
812
11377
20846
11722
1149
15766
9112
11619
25608
29702
17533
27324
32070
8007
26121
27576
7992
32594
4485
23761
7935
14590
8596
18775
30779
9517
24553
3209
5924
26297
17097
18261
10345
29468
1604
26351
2763
31201
7475
2068
15993
22222
13808
17179
28202
31438
20184
11456
28156
30625
5762
6064
19472
6722
5052
25300
20194
16412
20809
24669
32105
21227
2397
8596
3314
6003
3284
13151
20669
15076
25142
6034
1876
19208
22636
1787
8623
1330
2366
18476
24585
10215
1940
9990
24704
13129
13673
22794
31599
17479
32142
23135
2443
30342
27940
4003
28608
30990
26839
14450
3273
16821
31194
32439
25746
2892
28327
11957
9549
2699
19316
25556
25174
1469
18036
13868
8391
15146
19411
13523
4571
16969
17774
14567
5892
21410
8790
23898
27594
9093
23043
10112
4458
15213
26456
11354
22570
32305
30554
16032
8829
17136
18352
29072
15836
12986
28890
31865
27998
21759
6193
19206
541
30392
17827
17995
7497
22615
22826
8849
30729
20079
23569
15841
19733
16675
10726
23379
16404
13904
11582
18196
24246
21114
11307
12088
6033
31863
24702
15685
17085
4061
22461
15483
6190
18989
22243
22757
12244
24252
15834
17184
26484
23909
9913
17646
19012
22512
15549
4730
22089
29249
1801
25705
15217
18752
8989
9893
28784
23692
11032
18408
14683
26335
17326
30218
31749
20799
3559
21259
32285
11498
30877
28384
26884
24575
11699
4606
12143
28908
5909
9383
12481
7323
14196
16119
13861
9052
21183
11693
9583
30864
8800
30651
1456
16667
4411
12428
12699
19591
15207
8983
21402
29944
11690
8616
1968
4564
8375
1641
16141
26926
11302
12467
16755
19447
11575
2839
26699
18659
23879
26154
28550
8733
21518
13332
30773
29098
29086
28887
6375
10397
27675
17248
6086
21760
32059
9040
10864
23165
27516
3975
22422
2512
27432
8565
22103
17133
4874
2335
1882
3568
24814
15859
25517
22216
2522
28749
32097
14243
4621
1989
28129
32281
26811
14911
19991
22296
902
1968
5181
19858
13756
9904
29571
2024
16211
11717
6502
28692
20389
1385
25802
12953
30700
28385
29405
16428
18811
11197
7596
15903
7106
4653
18562
4498
13823
6666
5637
29016
22725
11936
25614
10922
25390
20797
10571
1166
4063
22651
4247
28165
1472
22604
28180
25335
14456
32458
27150
13279
21675
29116
32143
7222
13299
30952
7362
21409
5279
283
11016
1498
4398
17401
5340
23902
5002
8325
11111
3291
16388
28783
7650
856
5139
26145
11440
14114
13516
16264
29239
13178
10529
22946
23938
21760
31705
28876
15000
24797
339
6601
25753
25268
15610
16274
32158
32070
8839
12768
18510
6631
12026
4218
32576
8868
5462
7998
17940
13105
31519
20209
4176
27797
148
1736
6652
22420
4268
31411
19964
480
13523
6764
13872
16894
26721
25922
20813
19962
10207
11942
27257
4298
14328
8050
20137
27267
24641
32765
31675
18237
5545
5855
9554
14535
20670
10373
11125
32523
2981
25459
24295
11072
9174
17756
12100
18898
7067
17636
7904
16145
30536
19503
6239
17051
12856
20529
532
9610
1931
4277
11034
20318
2721
19754
28212
7593
19285
31280
9830
4733
506
17382
20816
32149
32534
26866
31565
3142
23265
14925
20815
27684
8315
19412
29816
27763
28913
8590
27513
19028
23022
26046
19883
5036
23617
29608
1007
19667
24082
17188
15174
17665
1252
228
25903
17785
13130
24452
25028
1907
9833
27990
12179
7370
28465
31467
15677
14186
17242
24162
14545
31607
25120
8048
30950
18494
2239
22579
23418
9180
12974
22198
13966
13744
8603
19267
13949
31618
26921
3948
17952
9584
31340
20952
23716
17564
27424
13006
19750
14487
29869
7555
29715
1932
26331
27171
24130
3372
2645
5281
17870
11357
11999
5183
181
28578
24919
8157
15666
17481
1389
27393
10202
15446
20257
10154
22392
818
22529
22740
6826
28947
19488
16843
824
26923
27349
32304
19255
28304
22329
3788
28642
7150
29790
26392
7731
27118
18767
18312
19781
28773
10444
28827
8809
3645
6338
31396
31498
9252
13708
24149
14401
19958
3308
31248
10295
18155
11464
8174
10558
25728
24996
30859
25262
21542
24803
18072
12161
1965
23229
22302
5806
31855
12287
10899
27974
18748
18310
8862
32335
7945
16249
16554
21603
10327
30281
16684
264
29541
10090
8117
32206
21269
6094
20407
811
25247
3622
13847
28951
6135
4824
12150
9574
4351
13247
12095
23528
1901
18341
17265
29761
6010
28032
2346
14730
17744
17264
24055
1956
27952
4468
23005
27232
2662
25584
24102
4689
238
20959
17645
15211
21988
27352
32105
24932
684
2242
8441
24007
20197
342
19699
19416
23823
29529
19756
20011
22006
11159
25415
4611
24294
23966
14014
11371
18061
11328
14770
11542
5294
15814
3698
760
26763
22516
14797
3744
21008
16321
11800
32348
4543
22739
31486
20491
27487
16572
11786
5312
30564
25079
12278
21020
7965
15009
10929
7528
12192
21239
17458
19573
12149
8083
14847
22579
25349
19302
10620
19732
11200
9588
4340
25886
11793
11858
21865
10194
27139
353
22812
11201
12976
5576
28378
21991
12397
4915
13837
13006
22967
13901
11134
17763
3804
254
31467
26519
17513
12900
23885
6325
26711
17043
4069
21894
28148
24077
12300
22054
11411
7424
1976
19876
31987
29250
5837
1885
16752
3597
25898
32277
17644
12410
26990
18650
7291
10174
4238
31129
30672
30248
12824
18813
3179
23510
32068
12043
1920
16442
10943
14847
12966
14160
32567
20708
14148
7837
27303
11381
11452
3558
20576
11446
23892
6070
17371
25554
28137
5517
17984
29363
21586
31720
20661
4963
18581
29173
14184
27942
7372
10515
12635
3667
10197
12299
4338
10230
11965
15888
31038
26407
30954
12664
7175
2089
31498
15928
19611
32578
17599
2082
29529
21341
7431
9437
11772
1632
31085
16808
10409
10062
15345
26830
31671
27164
25528
8936
6720
24917
7284
28629
7531
13677
22673
21370
30839
30180
25125
29242
24968
24610
3732
31028
31538
14349
262
20031
2758
3691
10122
17319
18271
4347
24327
19364
3499
16466
27111
26526
1145
10102
9601
20259
32263
28988
10826
2724
8713
30562
17084
32243
11385
10091
25858
7805
19746
22846
7016
20807
29674
29565
1925
11433
5602
31142
27685
6605
14095
24556
27129
4583
17654
16595
23294
29489
3561
20622
30893
10670
24852
10776
14567
10138
9030
21012
3487
27059
25728
2918
29509
811
16960
22925
31222
28008
8842
19655
13668
6017
5051
29667
16263
29049
23821
4068
14849
28473
3049
25946
31314
16207
2544
18304
19648
12649
1992
14614
31235
2191
18599
16125
31668
13604
6816
16532
2932
12954
1968
4565
30940
1272
2951
814
29224
4621
23064
4896
11170
21106
735
7577
4560
5697
31989
9490
29277
22934
26581
4456
18376
25802
3308
123
5070
13418
28130
1161
29848
25849
27563
27720
24741
7786
21068
28869
13685
15196
21870
25855
1275
10259
18852
17218
19904
13626
9852
13381
2519
23131
7495
27651
16516
9242
20648
30809
1707
18997
30943
23908
6650
10555
211
7064
726
7183
26593
31649
26886
28956
29799
15354
1826
30549
782
31822
26809
24308
32475
657
24389
27118
19957
13790
22992
10296
16180
27407
2914
15292
17518
24350
3121
24602
1408
31551
24968
12831
6174
16057
6259
29446
26715
27272
24367
17265
7671
19124
18773
4645
2668
14703
10944
14984
27575
14321
13635
3804
4071
14612
17676
19001
9575
31151
2006
9804
17418
690
27346
4306
31451
12550
31571
15570
28322
24354
9788
2973
21814
3181
554
2438
22918
7766
4192
31330
13413
5941
8310
12734
1561
24288
17089
13027
15522
30989
30081
21642
4810
17771
30925
25695
29681
9599
30015
1592
20629
9279
24927
19218
12196
31600
20944
15312
2177
4799
8253
21426
12760
21665
5377
9878
28962
29932
32665
12018
30455
1330
27082
32653
21527
29410
20881
21760
13110
19228
5583
17136
25483
24663
433
30984
23
11701
8929
23481
16310
5153
22126
27825
14823
19758
14459
16156
11354
12207
25259
29597
3390
8726
9544
30731
30281
22157
10038
1772
13444
11478
6298
8882
2268
21987
25673
2231
25961
5429
3059
22522
13179
15349
6924
26519
28265
14803
23678
2312
7962
24482
16144
12830
1104
12208
5268
19133
29624
22503
6099
6746
16306
12709
25913
4406
11744
25435
21056
26967
19056
32743
20382
23371
9258
16306
16942
25244
15673
12169
32415
19986
15545
28988
21471
6059
11524
27129
20549
16475
21180
31334
11649
11140
26776
7296
3908
13875
19439
822
174
1568
26118
6084
23676
19556
24090
28880
3054
30712
24620
8007
18553
5105
1167
27894
19505
19838
9266
26856
7412
23965
9646
23938
24152
21152
3854
3167
22098
30051
26722
19436
4267
17994
15106
25283
19747
19965
14755
15560
9314
15843
23835
22022
4002
7263
500
30535
16158
30925
21170
8309
27449
25403
2788
15539
3183
9191
24301
31803
9724
28285
5264
28662
3918
3341
6205
17117
26667
16078
6941
11538
9122
18069
1503
31933
21939
25875
19520
20647
12222
15057
27997
24729
22444
19949
11448
28530
1503
12178
20492
17163
5594
32056
28113
15819
30128
14753
6285
30217
8238
14734
29409
26404
3528
8261
30799
6244
18500
10180
1740
21903
3368
12482
29961
21835
10980
22122
16769
26935
1216
471
9795
5063
27012
14670
7549
8163
10473
10045
8908
5695
5058
5367
15685
11385
21226
21805
7747
2548
16620
23084
24815
32375
12917
29656
13968
1668
22906
29036
2968
14713
12073
8943
29034
32105
4241
30325
22764
7351
31248
11547
27089
6520
3456
25536
675
23174
20256
27524
11667
3684
17732
11777
5632
24533
26301
6476
19145
22587
1030
20394
22867
2992
5939
5906
3417
27366
9882
17511
24951
22207
9790
7793
27764
20907
1023
29856
22354
27333
19076
25985
10263
16045
1764
4348
27993
10787
23831
12884
5772
2664
30495
24027
1292
10069
15094
24184
8681
9016
29494
28378
1140
3186
22155
19065
30093
27857
6617
21073
23466
29358
31020
16734
23464
4038
25443
11478
14930
10713
13468
19497
19122
14596
11102
17593
29978
28639
1161
30041
8944
18774
27134
32135
6973
6216
8206
31849
7157
29921
7588
17290
15364
9144
31537
31057
25117
21160
25690
26437
23617
18286
30820
28674
25617
23559
17755
26874
7125
25799
18949
21485
20552
23609
10890
13350
2857
28858
992
31611
17026
20436
2552
19202
12470
19291
23722
915
8526
13386
16225
25090
16000
1883
8070
8985
11139
18280
5550
27480
30613
8580
19842
28268
13768
14040
114
4719
17808
10303
28441
2789
6158
16289
1390
10098
32282
21264
5552
21085
19219
15780
22032
31429
22630
2583
3355
26277
13791
11039
6382
10377
4786
23951
15640
13581
11080
4140
25421
21530
18379
27984
15056
27104
6000
25153
25246
21395
29831
16462
2651
21477
23876
21423
13822
19270
11595
3098
4155
14302
25597
4901
30643
14662
901
27743
13022
5130
21665
31532
30388
28895
6960
2660
11294
21413
1920
12715
8224
1563
28757
13454
2755
29284
8633
14178
6339
10557
19591
26077
25597
4091
25269
26481
1687
29255
27748
15724
13549
29594
8617
26321
2623
7286
21785
26100
29723
32618
31511
983
26763
12739
23005
27975
21247
5138
11851
1462
25593
9826
20850
3031
12155
25654
10976
27644
17968
25669
31657
23599
13660
14324
20026
7698
6533
18071
5853
631
12255
8296
20747
2750
4728
1347
9589
17394
2856
6951
25809
14242
10550
4205
25445
3713
1482
9670
340
16573
25367
23542
27564
28703
4677
16722
25131
18407
19487
6906
3540
32357
26753
26071
13366
21591
8319
27475
21367
11782
18262
26075
29475
8735
9747
28950
13751
6738
26117
16866
30443
25004
13796
25107
707
15541
5566
27626
12628
26441
30117
343
29527
5175
4890
31471
7023
19099
16695
2731
28730
15611
1952
20070
21273
30244
17448
3604
1984
30659
15170
8643
26748
9922
17198
15188
4935
8552
30175
4086
23438
23343
5550
7526
3260
6756
4289
1767
18830
13185
20281
17923
5142
7754
14367
11008
19084
16554
6412
26913
9432
2891
23706
10914
32480
17399
15246
26737
31633
6577
21698
428
19631
24210
22483
20190
11101
869
11920
11513
19820
12546
20765
15379
25443
7019
12522
19937
27474
27304
26200
16372
25687
21858
3365
15797
12013
18753
31643
9761
9720
15623
16509
4421
15505
2153
5036
12665
11409
23985
9628
3164
479
16661
31099
18323
3706
6612
13851
1344
4933
14614
6563
3140
10646
29313
31738
14389
14717
8859
3055
27934
2260
16098
13096
2809
12043
19373
19665
7405
31152
21441
6912
16456
3521
15794
9962
32571
20914
6912
30664
6999
27708
19693
19591
971
25579
6943
17458
29530
11110
6138
8480
29215
9853
28347
4829
14081
29685
30549
13017
9460
2067
11276
8146
24564
25577
23762
25603
13762
30050
15460
4618
22109
27663
8996
17562
6207
3760
9141
27877
17501
23938
19801
7110
9691
3404
14346
12722
22931
10023
13913
8541
6468
22800
18698
12587
32410
17199
12397
26461
31202
19940
14202
3320
30857
21655
5300
29556
30553
12604
31930
26922
31860
29865
17069
2171
13580
22423
8773
19903
13032
12410
4018
8180
1430
31233
10548
14371
11120
13931
9849
5009
5713
15248
25018
23723
16405
13226
22164
30383
2770
24296
12967
6170
26839
25009
21488
8149
2153
11192
20711
4382
32568
17348
26200
25143
12707
1085
26369
2513
29104
5238
2289
30519
4553
10940
11419
24891
26423
25378
31165
6113
30816
14090
28147
17613
21184
24948
14618
18028
17577
15366
869
4581
30394
24799
31041
18366
8481
7452
14570
26446
22672
38
32202
19687
12032
5058
9621
26303
9256
2262
27430
19619
8636
25852
29462
9818
32614
31944
1569
3290
19077
18137
5434
21037
19880
21410
25448
23585
5065
30198
29031
32178
25418
26709
1790
31544
27824
31481
30241
9553
10529
5790
29639
13964
9374
8213
8841
24538
12289
2183
11008
12213
14006
5770
32219
16397
13369
13285
7106
22263
1363
19491
32494
26133
4372
2010
645
5315
1423
28856
25526
16646
9304
19027
14489
9013
23230
11181
30916
101
8649
9608
29613
6038
25074
367
20674
13727
22181
25985
30026
7129
11639
26876
27641
9614
23847
25997
10838
22560
28758
4442
20429
18937
16390
11723
14995
3126
22996
22300
3646
786
3573
16548
2080
22804
24818
27106
15719
30968
23843
6220
7925
14943
32749
8664
24320
11574
16059
21575
5225
12262
24509
1332
14301
15424
8803
5856
22190
5926
29592
32186
5999
20218
10687
4785
27729
13512
1134
15930
3904
15411
27629
18464
9149
28192
11373
22543
6778
23076
10504
29406
12983
12974
17020
160
13663
32756
28071
10089
17889
5535
13762
1760
25808
14133
9821
8329
57
5962
22814
30927
11720
7526
9017
15572
27289
7861
7855
30969
31967
30065
2886
11308
21303
8976
17227
17396
32202
26925
16394
19774
7461
1335
27146
26085
25304
31451
12553
15107
32720
6450
10170
8186
7284
9898
8001
2624
13954
24502
32362
32238
168
13365
20653
14088
8162
28579
18658
7050
25238
14338
13252
16951
19825
3974
5672
6689
6655
17667
29433
32503
781
32535
29946
17937
31423
19991
30779
4157
9840
28858
12120
27719
15436
14216
24693
5706
7855
13056
30201
24505
20796
6284
24333
3116
9149
2597
31699
12012
11966
11462
4455
21821
32232
14738
406
2414
1054
30148
16993
31393
13657
15706
20784
21851
25156
3201
7638
6346
12695
13247
10568
29914
21300
8931
21533
31990
18690
30380
6341
15262
24973
13628
11657
29357
16474
25915
19014
5224
4107
27594
3561
16710
14904
23854
16297
22146
16647
11321
26631
22881
5777
25719
32135
19267
3572
23326
8492
12908
16952
691
9908
25488
3811
19836
25752
22560
30298
19113
1986
7511
4606
27201
26380
10243
26626
5070
4733
6420
17166
31687
6722
16102
26517
25538
18798
24398
17143
12630
20593
5734
28758
2001
7002
22040
12088
20639
20428
21101
10209
24181
11970
26259
6510
5952
22018
16048
19889
20689
7522
21097
28368
19525
3006
31793
6812
31797
8116
14674
20402
419
26662
24252
4180
2975
10349
20112
22277
1468
1117
31340
14566
16695
28669
15988
20947
1248
24323
24869
22077
12240
28690
17369
26309
23241
4018
4122
414
9323
20243
28071
11679
5148
27265
3398
15147
16309
15271
5199
14017
8173
4995
13557
26978
16262
14381
32595
678
12601
583
14139
18589
30818
22083
15037
26982
20587
30040
17785
19089
32506
25154
7333
29238
7386
21948
28637
26066
426
32446
31406
6885
15944
2678
13024
21836
20987
12296
3975
3934
1635
15366
13512
18377
7712
22446
4204
20779
16965
2022
13094
32624
23163
8184
29348
20206
15349
9229
8280
24897
23319
22379
24835
27624
27622
29294
28934
29852
7470
15432
24936
30580
23157
1144
6566
21178
16546
14347
10814
5259
12653
3734
15354
1584
12678
2799
10237
4415
32133
19374
1167
23153
404
26470
12968
11842
8158
20643
14398
6987
29110
32163
29518
22111
28552
20437
29100
17511
11136
30483
31115
17918
2812
19614
3788
8395
10930
25053
263
8866
22945
16085
20058
23130
22201
3175
26356
620
15689
9805
7520
31056
19500
20691
20370
25496
29619
3669
5298
21449
22097
20604
31660
5116
10249
311
9844
27961
6296
8059
19994
2190
13410
27579
31633
17907
26653
24614
319
9438
4927
28836
324
6820
21800
20110
3210
29334
271
11311
9873
5079
25774
15359
14839
18687
19885
26521
18890
25969
31184
31361
27534
25724
24031
15512
22029
24116
28505
14427
4321
28174
23767
10463
4290
26430
24897
19341
19600
29393
7604
4509
5919
29577
9775
27988
18886
19324
11520
14076
2982
24427
30961
26024
16827
29667
4657
6052
29604
16406
20996
9918
12594
21111
16682
17464
17586
8983
28945
22664
15867
28610
15290
8918
8758
15832
5739
21554
19568
7661
25369
8857
19169
3360
27796
4006
17658
4156
31088
24344
13872
25744
8631
30983
2443
25230
21328
13285
25069
28198
12590
16951
6947
4320
14648
16401
20397
6588
23803
7251
28493
24265
30994
22950
12882
31879
22353
25396
30113
12030
10164
28969
19336
8347
7178
14574
19779
19149
4705
25888
31050
17508
31280
4434
10848
6564
24647
17800
29532
2604
19831
11630
27574
18569
25601
1883
14545
6041
26559
1802
24586
24993
7444
10258
11653
9518
10901
11307
15282
21420
26996
16671
26529
32199
20656
2705
15883
27013
26367
2929
11548
28192
26486
11067
1793
12709
1278
21234
8502
9293
30839
24032
7309
21918
17833
23050
8701
32577
25327
21621
8240
24994
12194
11548
21962
20042
25926
11948
13435
31740
28535
26117
26819
145
22161
30065
4744
3219
10530
24482
31321
17564
4113
1646
20352
21613
31115
22857
15050
6093
1713
28550
21013
29992
10242
2637
14494
17891
5258
14939
30727
26752
1992
9597
24107
22646
29280
10186
27554
26574
2437
19619
7955
30333
24868
23403
10556
17284
31953
29703
21954
13258
882
30484
13498
10932
430
13803
20723
20618
26387
9814
32521
25225
10762
5647
4395
26824
15995
6652
31655
28107
19263
13613
13882
5096
19017
29585
26138
9310
32660
29819
7359
29743
29388
8409
14197
15041
22460
2350
11171
13880
4474
10068
19417
14736
15444
32756
20891
126
27257
24513
14319
25860
32615
12407
12968
21206
22040
8599
20081
5232
7660
8415
1433
22004
6741
24203
21920
31173
12612
22862
8581
6884
29783
11791
27853
22797
4287
10084
15187
19088
20979
18639
8659
12273
8982
20923
21300
17727
15145
29748
13977
19764
24560
15210
21030
12818
27557
24036
5778
22584
352
30595
22385
32390
7233
26430
31807
18550
25955
19607
13868
19959
31872
24800
18090
19721
8036
10287
8887
22810
23571
13858
32490
9250
14777
595
4160
15744
1110
2202
3492
25234
10022
12549
15936
15639
16849
15256
8326
11078
25687
11205
30204
28074
7609
28586
16331
22212
18792
16141
30727
22623
18287
28183
5053
2737
2911
12244
6589
2358
11774
1126
23084
16716
28078
20236
4808
3727
18847
20439
3066
16626
9140
32038
31389
26786
5430
30950
12945
923
25147
7563
30206
26886
14292
24269
28008
3673
8442
31267
5239
557
24118
13056
10116
14558
3090
5840
24035
1765
17474
1201
31987
25845
9618
29938
4070
22998
28303
15436
20561
9733
5877
18146
2931
3337
5084
1786
4165
22675
12961
4985
29253
29021
13973
12832
11523
10687
9576
18825
29800
5649
28243
30431
15817
3780
22537
17248
19888
14399
24923
13716
22116
11387
173
14923
29502
8797
28189
8536
3243
11990
25709
10766
28928
31677
1204
23422
11777
4199
18633
9327
30511
2060
12394
32538
9429
20953
5424
5290
6097
22228
20787
7286
3619
8564
9341
29436
13367
25340
1327
9373
32498
29339
18037
26651
6782
8773
16939
17618
31190
1359
29004
24761
21264
1229
7967
12824
5230
23980
8992
4359
7715
25742
19887
25770
19685
11112
29562
26670
8502
25821
17324
17282
3954
8537
21714
29654
17561
16878
5266
16340
27610
15598
1546
13217
16612
4173
31497
24722
31468
32179
13296
23726
23676
27748
4710
15848
29698
3280
19135
3353
22804
6649
16426
27839
29316
21641
30620
28536
4392
5039
19840
23100
27494
1981
23067
20061
17793
2691
12481
5952
21159
6505
26042
6105
6838
21838
1777
5096
28882
9252
29538
20725
18088
20552
15681
19212
26751
16802
747
31033
28163
11393
27278
24002
27601
21043
11415
24103
12737
12135
22750
7898
8695
13379
17044
24254
27816
25157
16104
3682
15533
27611
8828
7930
8394
12736
10635
17697
15803
14876
14038
11089
5378
32091
5459
20510
27763
9417
10389
3125
8827
5874
14330
31768
31541
28092
16534
18839
12843
12864
31202
4365
23788
31341
31012
24160
27218
17499
8094
32182
19088
11120
16246
7159
3070
21301
9064
29447
30884
9206
25902
32193
136
13595
16042
28594
31927
329
16857
27802
5909
16440
9080
15267
25318
595
1140
29279
29208
27153
26131
21379
29526
7958
13539
23909
9421
22280
5733
17463
10172
4146
25977
21505
190
23003
2441
30304
20695
18020
5237
22528
4928
25380
21314
27098
27634
20996
15746
14894
21237
24793
28545
24896
10342
14980
6964
32210
32073
3532
7138
32100
7444
17910
6288
11310
9207
12586
24877
18650
11756
12421
29314
6145
27267
19965
19672
13164
8555
21496
2406
4359
29631
17068
23169
32164
26134
16181
25218
1910
32585
22647
3446
5192
2050
15801
22921
8064
14089
17150
14895
23511
22094
20259
536
13526
11446
4026
32721
27663
14502
3752
14650
20001
1872
1409
29099
15209
13504
2718
26341
136
24741
29700
28858
15001
9184
3060
28540
17199
21198
29521
13607
24593
6230
19894
21838
12981
13745
4947
1990
9085
29436
9356
2580
17587
3199
31568
11159
26950
10427
5689
28788
27458
9014
31080
30534
24081
14341
24862
3459
10355
23582
539
7852
16958
20059
29623
27196
4567
11597
8129
11342
9580
7622
21531
9484
17399
20005
21010
10972
4594
25183
30590
13129
17882
5330
23966
32433
10342
6090
2480
21172
23684
975
2899
28503
11032
24244
9373
11004
20084
1889
22524
24834
31125
4699
30669
7996
5923
25368
5054
15891
31783
3589
24548
20345
2698
20307
29083
4244
32593
8837
28193
18983
26778
18107
1777
19392
32597
15291
24545
28068
24771
964
15099
17786
25521
13843
1563
31162
1392
11826
9805
24531
10907
25603
7395
20767
12168
14480
25177
25223
1162
17296
4842
27382
20973
28088
18670
1151
24495
25544
16634
29773
15614
11856
9142
9550
25462
31302
4476
8606
21015
24137
19382
14005
23560
10419
6132
12369
9997
609
14544
22050
5577
29250
6274
6199
6581
3488
322
5675
10460
24881
32609
27918
21340
24285
18725
30741
13469
23629
18537
28674
15438
28216
8689
5457
2852
11372
22158
20776
24402
10910
23031
30972
19654
12787
15201
8451
15658
1866
15331
10589
29589
19024
28301
29185
4117
14657
15938
24936
20190
25982
30041
10748
32590
9428
8951
31295
28328
19334
31274
955
17037
31520
1734
1198
32569
4603
21504
16497
13699
1935
24780
4780
5267
16763
32246
2363
23392
11606
29186
12511
26097
11059
32453
165
21071
5366
9408
4118
31052
28250
16447
1060
14071
2493
23606
24271
16090
11698
22230
7578
30714
1861
13298
21169
7308
29964
14613
9431
6519
30450
12127
25105
27022
20163
26404
4372
26761
7543
22850
11631
22984
2366
582
31353
7880
14415
21310
6392
22881
11377
21596
19350
30149
19270
21839
5636
22585
8026
18273
8939
10896
7663
7505
7319
1388
32134
19694
25698
28980
26925
20088
21730
31444
7308
13750
31442
22584
13485
16598
28865
22662
16783
30985
18813
7198
25705
16603
13629
20562
1726
27731
19856
27365
30245
16078
13321
8517
28885
27292
28583
6024
28402
28247
13575
808
13467
27655
1352
15743
30896
22008
20418
513
11364
3414
614
21563
12166
20109
13555
18831
32142
1890
23262
12972
8042
29393
10238
24784
28166
5797
5115
701
29086
32474
10357
21884
27075
21170
1523
9429
18990
8089
19346
22409
14408
30138
19818
853
21877
12893
17855
17576
25124
5127
27884
22047
1431
29776
9231
9156
18035
17282
7797
22027
7
8694
13764
4232
24668
13103
21739
24689
15105
1715
9674
5848
15507
12973
28064
2725
19214
31812
17464
32341
7895
10681
4563
9588
24709
23107
32724
1499
22387
32682
18478
12458
29958
21925
3982
3844
18623
29428
13895
16013
10496
20541
19457
14756
7326
24744
4642
18273
20778
6201
14584
28493
10751
31728
17323
27876
13323
6050
16101
24267
2654
30102
13886
11729
30580
29663
5225
26536
24386
4988
23072
2400
15875
7472
22481
30119
18367
14370
22021
4802
29856
20021
22677
19530
1524
23077
26763
29863
20481
31590
4313
16974
21644
27581
31164
25786
31272
12955
20206
27947
27711
12860
23694
1825
28642
27268
3792
15511
14672
3476
16484
16896
3656
16943
935
1539
16655
12240
21132
245
20543
12423
20809
26
14166
17559
4033
26780
15354
9169
30132
11847
17421
2222
17833
31242
117
4399
25239
15406
30888
20853
17493
9811
17146
29728
18120
18735
30118
1127
16326
20998
7326
15868
1996
9193
16403
32413
24933
18606
18370
13690
27476
30131
18181
27722
2440
8273
32149
17963
28861
24098
6432
4158
16626
3315
910
16383
23182
32392
18963
31589
23120
9234
26869
1725
26619
30065
2074
13382
17343
4138
29785
12685
15974
18982
24957
20103
2115
13360
16664
6768
731
18476
14862
29286
336
16152
3293
24004
9105
19140
28845
21567
14404
12113
13595
18883
20846
30827
13509
7179
30696
17990
25749
15875
10626
28249
3023
15581
3572
27613
28888
31477
3721
23556
1740
15461
15498
506
26558
24936
12907
3741
10188
27248
23479
10235
19690
8709
20413
27791
30572
2147
11000
28219
1872
23763
4927
24837
19025
24773
21169
31122
32429
12466
13662
14178
14001
20148
5558
5841
26889
15074
17330
26313
14793
13677
12996
15944
18490
1660
6783
19861
3429
26567
30214
1857
5985
27637
3638
23776
11613
32694
31379
2949
10349
24736
17651
13311
3349
9675
7148
15060
12694
13867
16383
11265
31994
18608
6017
7791
2785
18975
5453
21301
16394
17582
24107
3217
7073
9570
22783
22691
20810
31529
5554
19439
30705
2999
14048
26512
22864
23073
19014
10045
11837
31546
15337
29437
21433
21425
20487
28842
17593
7143
20415
28967
25778
17809
21631
30049
26342
7954
24113
1799
24177
20629
8229
24840
17170
3821
12477
9168
30394
8238
2010
4419
6102
3592
30729
3190
11357
8678
3694
22832
29081
1739
1388
22307
23733
11495
13850
13546
6154
19196
13413
22210
2344
6515
517
27912
11175
9021
1057
30326
19628
18539
10177
10781
29498
20108
24823
1314
318
6858
28877
30776
22872
29123
7661
28897
5483
22824
19475
14948
6627
30488
7731
29325
4553
2874
3945
3623
8072
23964
11941
10554
20093
16207
26898
7941
4416
30910
3915
9658
22708
16850
317
27132
4049
8136
11482
26137
2092
17613
19331
28935
9035
19807
2610
16672
17579
30562
2155
24221
22669
12036
23008
16852
31621
3410
30439
6449
3776
9367
18332
29430
17688
13945
13781
18098
29913
12241
29130
6786
14929
1613
21889
16395
14105
21448
4859
25907
31270
19300
6433
29858
23695
25709
23403
507
24348
22253
26710
15834
21650
17935
31363
11662
25793
13364
28847
8851
13386
7383
22614
11734
15664
20513
30503
2727
9254
27723
32550
15741
5778
4280
22947
25198
32100
9934
13534
26473
4250
23704
16503
11833
6031
11549
17560
21049
25095
4733
32737
3544
17914
15825
30742
31692
11811
28864
10634
12309
1352
21729
16715
25784
2632
27860
19979
13880
22758
31519
5073
11221
13144
31434
28259
1924
22669
1465
28274
6577
29506
17612
7555
5303
28099
17848
5282
7195
13954
21155
20933
2956
16729
10114
30721
12699
20895
8499
26223
31290
22764
16985
20955
17654
30380
10747
19762
25332
25702
22491
27818
30893
23242
23192
28591
16233
15228
17283
7569
25212
2979
31809
16622
29763
2864
23077
28129
14046
29934
2890
32487
13483
13134
14707
29845
25733
5616
32420
9212
21953
21489
1917
24536
8165
26359
32601
2171
4646
2814
8746
11900
24232
28383
4114
13342
15732
24997
16066
6530
17208
2192
9363
24461
26562
27109
31078
11671
30779
22651
10556
9688
28963
3078
21652
5267
31760
29218
31368
26112
3366
1055
10406
3834
23637
11663
19599
21613
13910
3984
850
7549
24931
11482
646
15479
4537
19079
30505
23160
10702
4518
30268
29151
16978
15742
23322
884
13800
25250
12188
29269
11425
6841
31215
12964
25404
8458
3120
14066
10784
11210
12748
18538
22549
3621
22170
13758
11462
28430
949
1233
24311
8391
19995
4905
21126
25903
4871
20755
12835
10959
7694
915
26831
3747
5371
14610
14102
11944
17771
23750
24587
6441
12329
5345
10760
25802
28231
22393
12066
15697
19457
25146
14702
28984
13649
206
9975
19443
20562
19975
4474
18689
24917
23506
13800
27573
21701
28124
22425
18369
2747
13057
6992
1671
16480
10617
5618
29984
13062
6593
2822
26408
22789
21579
5868
31312
19543
7653
16605
1697
17139
30441
12454
18320
12522
10538
1059
2503
28738
18585
126
27054
2709
4795
6949
28347
105
22731
5772
3967
10830
24750
11944
27243
4026
26779
4391
16231
20389
14726
7535
30225
30435
29777
10333
15573
24644
1458
16314
3249
31340
27874
10621
7621
3955
16651
6851
6301
27197
8559
25231
4159
30104
31832
1089
4339
12568
22723
32216
20437
6065
3787
13799
18203
21529
6871
19800
19239
24283
30595
20708
25676
25147
10831
1614
31072
32717
28426
20834
5894
21460
11772
27825
24504
21083
10454
29193
28823
23061
2650
28342
18162
6390
17610
32636
29336
7821
27410
12367
8414
14376
28852
7128
19567
29350
31863
1705
7638
24090
14799
29242
18636
28453
21771
25515
29251
6672
3649
23096
27439
940
3833
12667
19479
25577
28316
27493
15710
30264
4507
7675
30802
5026
20319
208
19698
21157
2803
22085
14463
18642
10867
11395
22729
18984
6452
12853
18486
16942
16560
6918
11923
722
9272
20446
4763
9476
2904
26332
14407
22290
26377
7954
6107
13506
23961
23554
14765
1329
10587
23772
692
31342
13838
11125
15828
20182
10510
32519
28139
23597
16445
3755
13467
2177
13231
3991
22997
9407
1560
23319
16426
6418
28661
30796
20946
31487
20861
1448
12920
26945
22342
15909
16843
18790
15800
5704
15045
17190
24370
11481
31673
5510
30974
2911
17183
8625
21237
29277
27936
18321
13809
11599
32224
28720
23799
10851
1165
25042
19745
20984
9004
14798
16461
23000
18206
10288
3720
4148
24181
18704
16952
23139
5625
14257
17163
25434
27640
14169
17315
13802
9169
3570
24062
16061
26175
27749
2727
29198
6758
178
24222
4395
17311
3535
15368
19372
28676
9543
24983
14449
954
24205
1207
25181
27905
10276
25214
25812
3325
3697
29521
21493
24898
5211
11605
27799
14881
31144
412
18437
2484
2839
12
3961
6059
22589
19983
27483
9685
27424
23548
10806
20846
23957
1352
23422
15659
26714
1901
23044
20486
18418
31638
565
5321
4932
16143
4118
1628
24562
30319
24832
21712
20602
6019
5403
28455
26639
9721
19611
24041
16437
3793
31933
14952
31775
20099
6272
20174
5576
19952
2340
10987
24787
8715
12899
14784
24355
6724
32370
9162
17210
18872
11702
2576
15443
30490
26183
26092
26686
8031
16165
6553
1790
30508
17212
32128
19491
5888
10266
30274
27112
15905
13418
24452
12813
22600
4664
22398
26739
12811
2275
14147
9081
2062
23265
17358
22040
23785
17206
25552
24513
16856
20146
26171
15858
32293
3309
9614
15258
16726
21763
5087
14898
19478
6672
31658
28823
15332
2922
348
15273
25981
31905
12701
23718
27146
20791
10337
16708
29450
26656
7341
12688
16637
17144
23849
32649
30934
25862
2411
5243
23582
9717
5117
30749
22504
29772
22836
11626
5752
17330
22192
319
32690
8932
20402
9913
21572
13682
27169
15692
20371
3389
4186
7332
31846
8112
9146
572
10325
21185
19437
31935
8688
23974
28405
12577
11694
31064
7674
21885
23964
7368
724
32173
14273
16612
6744
5547
22355
26696
18278
9643
29853
26308
2735
15348
32683
9362
27463
6274
14779
22868
23534
30301
31075
31439
10526
3767
1409
23402
15316
12744
13031
13413
15646
4458
12484
6105
26217
6515
12241
1651
2696
29142
20543
9455
9092
1657
611
19798
28966
12500
17951
30712
29765
24398
29968
14377
21200
22102
889
18619
28826
26436
25586
25663
18664
14574
31184
25850
21692
32266
18003
26793
2528
13639
15506
29685
16049
20266
26663
20916
32433
21929
21146
10726
7114
29064
21390
3178
2147
26999
14254
27523
17957
30440
27221
16911
30090
3250
3584
24961
21034
27495
12148
9123
10180
8054
32686
31757
3087
17663
16527
9572
26943
11641
20548
26196
9558
17158
32631
10827
29231
17809
7735
27130
4683
15789
27560
8077
7770
16685
21610
17061
6025
25987
11210
2073
21134
31705
19371
24945
1909
29425
18226
30750
4648
31421
7220
8315
12223
17854
3937
132
17549
1053
7981
26200
30438
29834
14722
2672
10930
9944
8231
14749
10675
19541
10222
8899
1174
12779
16032
17496
30907
16376
25513
13722
26308
7149
32644
18323
9695
18344
17892
14797
16340
23186
3752
32469
25037
12408
20860
19570
3560
10794
12366
29603
22911
23510
15479
15449
17458
17697
25254
16633
29625
28427
10636
1424
24683
2944
12106
18132
16013
29373
4506
15582
12379
6760
11455
19881
3288
25198
23853
27466
18262
21404
12280
6637
17349
11261
11775
22931
9147
21750
11733
28557
22599
7970
22642
19383
1142
24558
19614
1397
31905
19700
3353
11375
28285
12568
9611
26892
32224
22373
12847
10416
25172
18341
13885
20916
20829
12482
27932
15145
16778
7391
580
25677
21054
19254
23541
10185
25659
19376
25753
26288
12019
14406
32506
26424
24207
10266
4387
25398
1724
14420
21015
603
30264
18109
17973
15409
14111
14878
5734
24019
18422
29782
11788
12143
22900
19006
19370
30077
7444
7485
28755
18876
28764
29354
22996
2033
28906
9444
29601
19039
17731
2611
27264
12805
9819
11613
20215
30362
30180
29704
29302
31305
27991
20179
27461
23852
12739
20274
27436
19594
22616
16141
21732
2513
10163
5656
15424
25938
8679
26865
15643
10430
9039
11771
21760
11620
8726
29692
11164
6696
23171
26233
30180
1346
29701
15309
24582
30140
27394
26891
10769
170
19296
14233
25443
32294
2000
6281
28886
4626
31197
20918
18858
1165
22200
24739
5936
9778
9408
12051
9020
15379
32212
30056
16712
12152
10841
26300
7784
32087
24842
705
9202
8595
14210
10585
22761
31221
3979
19444
28206
23787
3364
22701
24933
24579
24916
15140
25256
2597
30129
3865
26862
28051
17583
24781
8506
26018
27305
5913
9347
29749
15281
25419
8294
31486
27160
21188
24206
19572
2492
24146
22239
20627
31764
4942
14437
14679
4348
12917
5375
758
26689
24711
7115
15328
24556
17569
3665
20599
6991
12379
23662
22158
28369
11681
4871
5284
15481
3666
2409
16605
3387
22938
31106
13252
29446
13072
28354
2754
32649
6031
14287
30301
23497
3028
18155
12338
19556
6364
11557
21681
11938
12795
7235
7322
14913
24764
7018
12859
5117
21116
23187
7782
31969
9157
20654
2356
10832
1387
4243
19069
4818
5993
173
1555
15264
5497
24933
20417
21230
12661
20048
4870
8954
14192
9751
14993
10713
22419
1322
21372
25084
12729
16164
10313
1925
32458
765
3997
26188
29656
5618
27326
31919
15099
20788
4046
32541
7661
20050
7109
2146
15972
28264
26671
688
30771
10245
8363
5489
18719
18397
13343
9167
23170
4147
7612
10239
2210
25349
16821
30545
974
25332
22974
15097
26430
14074
11591
10650
25000
23754
4469
19864
19362
13830
27877
25626
18363
15395
15135
8417
18519
1820
19420
25292
5966
4826
14840
9511
15172
28510
22069
14775
22214
18356
437
6022
23849
27544
13366
19055
14627
18405
10763
20328
16678
31169
30174
27026
5504
26762
